fang-shi-yi-yue	培训	13	6	36	33	91	200.0
li-xu-ran-94	未知	33	8	39	38	45	200.0
li-jing-20-69	咨询分析	26	17	44	30	38	200.0
ji-xu-zhe-zhang	体育健身	14	9	46	37	66	200.0
douzishushu	高等教育	3	15	54	43	34	200.0
quartz	创意艺术	20	6	45	42	53	200.0
kun-kun	äşčç˝	4	22	63	58	15	200.0
tu-si-ji-da-lao-ye	创意艺术	26	14	25	42	51	200.0
Hemerocallis-Yu	互联网	46	13	46	36	24	200.0
chen-ke-55-65	高等教育	22	10	34	31	32	200.0
jennywang-94	äşčç˝	41	14	30	32	60	200.0
tan-man-ru-28	信息传媒	28	8	36	45	47	200.0
DKinBJ	未知	24	12	39	38	43	200.0
198Q	互联网	11	23	59	24	34	200.0
yusen	电子商务	0	7	31	30	105	200.0
guan-mao-12	林业	10	10	55	38	44	200.0
li-yang-89	互联网	5	11	47	47	43	200.0
chenbailing	未知	7	13	46	40	63	200.0
song-de-90	未知	19	11	55	45	35	200.0
luckystar	互联网	4	20	37	75	27	200.0
zhyang-liu	未知	24	19	49	19	33	200.0
gao-ke-69	体育健身	27	11	26	74	40	200.0
maigo	éŤç­ćč˛	19	8	48	15	81	200.0
tong-chi-bo-62	未知	35	8	56	32	34	200.0
ma-qian-zu	信息传媒	33	15	36	49	18	200.0
chi-ban-ling-tai-lang	高等教育	19	6	43	42	65	200.0
wang-hong-hao-99	汽车	24	5	35	35	76	200.0
san-chong-bu-tong-de-hong-se	未知	21	18	56	47	22	200.0
so898	计算机软件	1	14	38	39	78	200.0
philippes	资本投资	16	2	20	73	76	200.0
amuro1230	互联网	15	10	34	46	63	200.0
sijichun	科研	1	10	50	44	66	200.0
SemitLee	未知	1	16	35	65	46	200.0
zhuoheng	体育健身	11	14	48	39	49	200.0
sparks	服务业	14	10	55	43	46	200.0
trendol	互联网	9	3	37	42	80	200.0
enostyle	创意艺术	7	12	29	51	75	200.0
